36,37
36,65
36,64
36,36
36,35
36,2
36,0
38,7
41,35
28,5
34,7
34,4
38,4
3,2
3,1
3,3
10,163
10,291
10,121
10,129
10,177
10,119
10,241
10,197
11,28
8,10
8,2
8,3
38,5
38,3
38,1
36,34
36,33
36,32
36,31
36,30
36,29
36,28
36,27
36,26
36,25
36,24
36,23
36,22
36,21
36,20
36,19
36,18
36,17
36,16
36,15
36,14
36,13
36,12
36,11
36,10
36,9
36,8
36,6
36,5
34,5
34,3
34,1
33,4
33,3
33,1
2,2
2,1
32,3
2,3
32,1
31,5
31,4
31,3
31,1
30,3
30,1
29,4
29,3
29,1
28,4
28,3
28,1
27,4
27,3
27,1
20,3
20,2
20,1
19,3
19,2
19,1
18,3
18,1
12,3
12,2
12,1
11,26
11,23
11,22
11,20
11,19
11,16
11,15
11,12
11,10
11,7
11,6
11,5
11,3
11,2
11,1
10,295
10,269
10,223
